0 146259
1 127865
2 113465
3 12037
4 12276
5 156235
6 90002
7 64178
8 60668
9 64562
10 57704
11 60869
12 60070
13 63907
14 467798
15 289990
16 110486
17 23049
18 28618
19 23085
20 23852
21 23558
22 24616
23 21166
24 18787
25 16291
26 15816
27 210810
28 24516
29 17143
30 15989
31 16106
32 15108
33 16996
34 14460
35 14409
36 14622
37 14222
38 230012
39 29171
40 14794
41 14179
42 14502
43 16483
44 19333
45 11687
46 12650
47 16133
48 13116
49 165434
50 20939
51 12685
52 12096
53 15118
54 11961
55 14436
56 11369
57 11876
58 10724
59 10428
60 165699
61 18793
62 11385
63 10078
64 10561
65 11522
66 14063
67 35967
68 17116
69 16521
70 28842
71 201859
72 44045
73 28167
74 10867
75 13962
76 11737
77 10425
78 10548
79 10206
80 164949
81 17559
82 10938
83 15581
84 22569
85 151085
86 14587
87 10900
88 10472
89 12603
90 11436
91 12689
92 12380
93 10116
94 11480
95 159242
96 21648
97 13462
98 10088
99 138081
100 12312
101 10339
102 10152
103 15433
104 10779
105 12755
106 13976
107 15794
108 14454
109 14098
110 15454
111 17400
112 17381
113 24089
114 17929
115 20425
116 20746
117 21612
118 23796
119 28037
120 26879
121 30027
122 33112
123 51473
124 41417
125 48583
126 53694
127 63768
128 78256
129 93962
130 115150
131 144959
132 168841
133 12100
134 379837
135 198396
136 59638
137 229848
138 296189
139 151781
140 14199
141 16259
142 81539
143 12688
144 11168
145 16492
146 17594
147 10232
148 14637
149 11725
150 10674
151 140570
152 15065
153 10116
154 14154
155 11238
156 10092
157 13759
158 10839
159 10295
160 12676
161 133646
162 15066
163 11132
164 10896
165 20677
166 10763
167 10239
168 128232
169 14204
170 10137
171 10013
172 10166
173 145735
174 14879
175 13028
176 158364
177 34193
178 13895
179 118338
180 12927
181 118197
182 11649
183 10621
184 125121
185 10723
186 11800
187 119652
188 10687
189 11824
190 338837
191 212005
192 44148
193 47904
194 17652
195 10149
196 12436
197 126397
198 13488
199 65449
200 12353
201 10447
202 64054
203 12162
204 61547
205 75310
206 15714
207 60209
208 21783
209 55691
210 58393
211 63814
212 11310
213 10131
214 293899
215 95951
216 49929
217 13546
218 12080
219 12150
220 10173
221 51976
222 12920
223 12056
224 58342
225 50881
226 51839
227 10455
228 76323
229 14147
230 48102
231 46788
232 53095
233 12114
234 10371
235 50559
236 11162
237 11456
238 302017
239 125095
240 56867
241 11751
242 10830
243 11500
244 15202
245 47456
246 14108
247 11483
248 46718
249 43782
250 43740
251 51751
252 10392
253 42971
254 41550
255 39566
256 40479
257 242650
258 73632
259 30177
260 36299
261 36777
262 35047
263 37511
264 47638
265 12005
266 35299
267 31349
268 30277
269 29876
270 226662
271 51599
272 22282
273 19231
274 30588
275 33398
276 11973
277 29449
278 30066
279 52490
280 12090
281 29401
282 29565
283 30460
284 28049
285 11017
286 224439
287 64833
288 69886
289 30438
290 29745
291 28918
292 29598
293 37038
294 29125
295 28345
296 11942
297 30664
298 17851
299 29687
300 204879
301 62668
302 16507
303 31109
304 17430
305 34674
306 36091
307 36504
308 53046
309 48985
310 54819
311 64088
312 70709
313 711938
314 46952
315 58918
316 391074
317 99806
318 12162
319 15600
320 32423
321 11961
322 23707
323 23891
324 17371
325 20927
326 16811
327 12093
328 26276
329 144469
330 10939
331 88758
332 29387
333 13785
334 12324
335 14208
336 13825
337 28386
338 44921
339 17220
340 40583
341 12115
342 22022
343 21405
344 34203
345 27978
346 11227
347 26767
348 17055
349 10775
350 12264
351 13300
352 14418
353 25421
354 10774
355 54180
356 53688
357 131139
358 22415
359 87065
360 43546
361 47211
362 11576
363 116246
364 62373
365 16431
366 35194
367 26022
368 10388
369 55480
370 50298
371 15276
372 95283
373 136536
374 16406
375 147119
376 29734
377 31440
378 18346
379 25325
380 11094
381 15255
382 13554
383 12105
384 12892
385 15477
386 153231
387 64308
388 32629
389 11315
390 51272
391 12629
392 24728
393 13128
394 22845
395 17085
396 29570
397 63880
398 14480
399 19598
400 15533
401 10516
402 22160
403 10994
404 15220
405 44770
406 13419
407 11263
408 57080
409 37494
410 34809
411 18211
412 12321
413 15612
414 15627
415 148566
416 10860
417 10176
418 38591
419 63903
420 53219
421 106330
422 149518
423 24450
424 17970
425 19837
426 11687
427 13124
428 24167
429 24994
430 23165
431 48761
432 26847
433 42081
434 55045
435 13680
436 36307
437 21258
438 11074
439 84945
440 21632
441 18686
442 42160
443 23884
444 11356
445 40356
446 16271
447 12497
448 350108
449 10514
450 10822
451 10069
452 10861
453 61788
454 28675
455 19027
456 44329
457 31943
458 21982
459 64497
460 52525
461 264528
462 13473
463 46316
464 14069
465 65418
466 10112
467 33724
468 67277
469 25830
470 18975
471 18985
472 73410
473 116973
474 38185
475 71892
476 64375
477 26148
478 12933
479 420734
480 23977
481 106142
482 17010
483 14422
484 13808
485 818229
486 13258
487 10377
488 24942
489 10126
490 22551
491 16765
492 12249
493 13835
494 29164
495 18755
496 19700
497 10371
498 84047
499 20515
500 82633
501 32305
502 26765
503 14058
504 16170
505 233013
506 18138
507 13799
508 11176
509 16762
510 21092
511 41080
512 10776
513 10137
514 31143
515 21056
516 39896
517 15039
518 18867
519 91013
520 69474
521 43884
522 20340
523 65585
524 21062
525 17123
526 14698
527 10690
528 10723
529 48310
530 22682
531 91334
532 11983
533 36075
534 54726
535 54538
536 16619
537 87833
538 15537
539 15269
540 10285
541 48637
542 36823
543 501682
544 175860
545 122015
546 10305
547 30210
548 21617
549 10067
550 18319
551 64482
552 13653
553 15044
554 13784
555 20811
556 25665
557 29016
558 28563
559 13208
560 439191
561 13181
562 13324
563 12553
564 52387
565 62479
566 47754
567 10249
568 27890
569 18391
570 25853
571 10101
572 13914
573 62593
574 17880
575 14893
576 27760
577 11901
578 46154
579 106264
580 39600
581 11158
582 20613
583 68514
584 11642
585 63933
586 15706
587 11902
588 10985
589 15748
590 15146
591 485255
592 15966
593 21440
594 13588
595 21931
596 38746
597 20282
598 11562
599 11652
600 18583
601 10133
602 18278
603 10184
604 10609
605 31928
606 29717
607 12635
608 16969
609 11260
610 10495
611 13753
612 24067
613 82087
614 13115
615 39097
616 17077
617 57104
618 16066
619 34501
620 16684
621 18824
622 13221
623 22807
624 40796
625 246722
626 19857
627 36487
628 51274
629 23836
630 29661
631 36063
632 17676
633 34831
634 24855
635 19724
636 28484
637 12787
638 149586
639 200552
640 55594
641 11485
642 23940
643 14481
644 13052
645 34021
646 10518
647 11648
648 15055
649 46790
650 62126
651 16010
652 13649
653 49611
654 158878
655 10119
656 60034
657 23564
658 77504
659 40398
660 443395
661 17758
662 11513
663 23422
664 118669
665 61394
666 20130
667 17246
668 219304
669 126160
670 34489
671 55203
672 45098
673 17869
674 12223
675 20828
676 24025
677 10802
678 18775
679 117637
680 32365
681 11481
682 12367
683 137316
684 44489
685 63843
686 15006
687 76087
688 19497
689 67725
690 149641
691 34403
692 12748
693 24817
694 45533
695 26689
696 13602
697 57028
698 10675
699 35602
700 21773
701 14628
702 14209
703 11341
704 33624
705 12650
706 17659
707 19689
708 34934
709 10261
710 15784
711 82272
712 13633
713 14645
714 10552
715 40482
716 11491
717 12668
718 28512
719 19086
720 14985
721 11221
722 17660
723 137045
724 40891
725 15797
726 10321
727 13875
728 12618
729 12900
730 59005
731 15380
732 44815
733 14747
734 10181
735 15228
736 36466
737 17098
738 33253
739 11895
740 34760
741 11385
742 10578
743 25155
744 25913
745 33958
746 41423
747 10621
748 58659
749 30708
750 89795
751 18207
752 23929
753 20201
754 16503
755 58629
756 12367
757 18524
758 137677
759 30626
760 180699
761 39609
762 20132
763 588904
764 41320
765 222021
766 108344
767 19135
768 16484
769 58094
770 10664
771 129053
772 88279
773 57453
774 18232
775 20108
776 19466
777 12304
778 18644
779 10931
780 277623
781 27512
782 12392
783 25694
784 10877
785 13758
786 56733
787 11711
788 24300
789 19389
790 16119
791 31876
792 10059
793 28180
794 11633
795 23172
796 17818
797 20950
798 11022
799 77587
800 31274
801 15591
802 15116
803 32374
804 19957
805 12050
806 25132
807 13798
808 11007
809 92803
810 61942
811 15937
812 33579
813 32254
814 39966
815 48516
816 32259
817 22981
818 13044
819 12460
820 26003
821 15332
822 22948
823 16104
824 22158
825 251456
826 61249
827 86871
828 28493
829 65090
830 16240
831 27844
832 20420
833 51491
834 21358
835 71659
836 10451
837 10433
838 18844
839 28102
840 24698
841 23939
842 19438
843 113383
844 28942
845 98458
846 29796
847 18693
848 10565
849 37037
850 12356
851 35374
852 12303
853 10782
854 33415
855 20162
856 17095
857 27100
858 18334
859 63221
860 12530
861 39717
862 17842
863 17934
864 21251
865 51562
866 43686
867 62470
868 15292
869 21824
870 11924
871 38206
872 13321
873 10406
874 12662
875 15147
876 10935
877 25136
878 15043
879 15615
880 32346
881 15669
882 34562
883 109355
884 50334
885 13462
886 21044
887 26855
888 13141
889 42161
890 18122
891 19551
892 12888
893 14680
894 28960
895 50102
896 10472
897 28568
898 15696
899 10821
900 156442
901 15969
902 13270
903 11559
904 35773
905 31661
906 17346
907 42709
908 24391
909 22118
910 14858
911 13493
912 13359
913 10346
914 11774
915 75259
916 11668
917 32958
918 26895
919 96789
920 21869
921 18947
922 22878
923 14219
924 10311
925 11434
926 23545
927 36814
928 12556
929 59137
930 15004
931 47779
932 12145
933 31472
934 40266
935 11598
936 43380
937 15060
938 50381
939 26327
940 31265
941 41906
942 18418
943 24234
944 17067
945 40143
946 182541
947 60122
948 68045
949 67817
950 18233
951 23993
952 22310
953 80463
954 21938
955 66024
956 17079
957 11523
958 36311
959 50661
960 41510
961 109903
962 38802
963 56129
964 12502
965 14894
966 28696
967 23555
968 21406
969 20053
970 21502
971 13511
972 18702
973 15194
974 88586
975 53945
976 16327
977 11553
978 12789
979 24279
980 39460
981 43073
982 24467
983 30528
984 36686
985 12046
986 15214
987 44246
988 10479
989 78875
990 20216
991 19106
992 15359
993 12760
994 19607
995 14883
996 31301
997 21145
998 40881
999 37441
1000 15098
1001 18658
1002 13443
1003 34784
1004 106848
1005 49718
1006 53031
1007 23056
1008 10616
1009 55323
1010 22631
1011 12586
1012 13459
1013 11442
1014 14189
1015 58806
1016 28646
1017 14994
1018 15111
1019 12215
1020 20026
1021 38493
1022 19212
1023 10210
1024 13974
1025 15693
1026 37726
1027 41268
1028 12549
1029 30630
1030 14232
1031 57746
1032 16231
1033 10703
1034 35288
1035 12256
1036 23621
1037 11457
1038 12070
1039 29863
1040 13166
1041 10589
1042 11669
1043 53454
1044 10722
1045 13381
1046 13337
1047 11369
1048 47770
1049 28271
1050 15774
1051 376061
1052 14677
1053 56402
1054 48077
1055 42187
1056 30579
1057 56680
1058 11761
1059 91268
1060 91911
1061 18393
1062 71112
1063 37516
1064 27985
1065 31642
1066 18220
1067 42241
1068 12528
1069 17842
1070 16308
1071 32746
1072 12494
1073 21239
1074 13135
1075 17106
1076 22077
1077 130282
1078 25262
1079 11591
1080 22548
1081 17983
1082 10876
1083 12024
1084 16019
1085 10397
1086 11915
1087 32569
1088 35573
1089 18451
1090 16559
1091 12310
1092 12987
1093 26192
1094 21928
1095 37838
1096 85329
1097 61676
1098 25363
1099 21775
1100 16990
1101 18191
1102 37342
1103 17652
1104 26159
1105 11599
1106 13204
1107 11491
1108 13605
1109 80492
1110 56449
1111 91550
1112 60837
1113 26573
1114 11846
1115 22891
1116 12635
1117 25518
1118 37120
1119 69045
1120 92563
1121 47895
1122 20179
1123 59919
1124 11174
1125 20560
1126 48410
1127 35634
1128 33852
1129 14640
1130 17674
1131 16860
1132 52039
1133 74070
1134 11476
1135 24468
1136 18376
1137 40363
1138 21091
1139 17957
1140 14491
1141 16529
1142 26955
1143 11743
1144 44688
1145 51204
1146 10075
1147 10604
1148 41405
1149 17516
1150 20253
1151 15536
1152 34027
1153 172930
1154 81913
1155 12008
1156 39818
1157 24477
1158 10849
1159 19387
1160 11454
1161 22669
1162 10403
1163 220511
1164 60113
1165 23963
1166 12361
1167 26354
1168 10260
1169 11237
1170 12813
1171 283089
1172 63301
1173 17863
1174 197400
1175 18958
1176 32859
1177 10576
1178 44173
1179 27455
1180 126556
1181 84883
1182 65425
1183 41789
1184 14122
1185 20461
1186 14001
1187 25047
1188 10454
1189 13361
1190 30130
1191 13221
1192 11781
1193 98160
1194 14153
1195 15176
1196 54423
1197 42874
1198 12105
1199 14885
1200 10196
1201 18477
1202 11153
1203 20736
1204 23092
1205 38378
1206 17825
1207 41707
1208 29621
1209 23776
1210 37820
1211 25828
1212 15234
1213 21394
1214 15200
1215 13810
1216 17316
1217 34638
1218 11077
1219 25277
1220 10648
1221 21616
1222 18842
1223 17450
1224 14621
1225 12158
1226 16001
1227 16891
1228 301021
1229 27239
1230 13697
1231 18185
1232 21977
1233 14450
1234 11902
1235 30348
1236 24258
1237 28653
1238 22978
1239 10937
1240 33218
1241 44549
1242 20829
1243 14346
1244 95352
1245 19246
1246 69094
1247 30218
1248 70569
1249 13678
1250 16670
1251 18803
1252 27254
1253 51490
1254 54279
1255 12036
1256 11096
1257 19095
1258 32927
1259 74194
1260 48729
1261 13328
1262 29556
1263 72651
1264 80816
1265 53821
1266 176904
1267 10685
1268 13889
1269 19629
1270 22397
1271 10071
1272 12472
1273 10905
1274 55998
1275 20609
1276 25430
1277 24588
1278 85114
1279 33058
1280 10423
1281 13860
1282 42387
1283 21033
1284 69537
1285 33154
1286 32251
1287 20816
1288 62347
1289 95063
1290 10277
1291 16588
1292 85276
1293 26572
1294 23447
1295 19886
1296 14859
1297 19129
1298 118596
1299 16597
1300 17315
1301 12957
1302 19041
1303 12337
1304 30538
1305 29191
1306 43978
1307 19199
1308 46768
1309 25564
1310 10448
1311 10790
1312 16628
1313 54058
1314 17253
1315 10187
1316 13382
1317 10036
1318 12187
1319 11267
1320 24127
1321 29803
1322 66496
1323 96865
1324 16851
1325 16865
1326 20178
1327 13236
1328 117688
1329 13571
1330 172972
1331 46899
1332 10106
1333 21274
1334 111034
1335 40660
1336 12483
1337 96009
1338 46402
1339 127981
1340 15309
1341 35553
1342 12452
1343 14343
1344 23255
1345 16923
1346 30913
1347 38876
1348 11746
1349 47137
1350 30110
1351 18774
1352 13169
1353 59619
1354 73469
1355 11801
1356 11288
1357 58600
1358 24024
1359 11609
1360 10646
1361 11070
1362 37090
1363 12541
1364 15192
1365 14043
1366 14159
1367 45032
1368 24159
1369 16478
1370 15212
1371 76469
1372 19564
1373 159917
1374 20694
1375 22377
1376 14266
1377 16034
1378 292840
1379 176649
1380 31221
1381 68492
1382 10376
1383 10817
1384 57189
1385 11418
1386 12755
1387 13740
1388 20918
1389 60164
1390 40618
1391 25625
1392 11043
1393 12952
1394 73801
1395 11064
1396 33508
1397 35946
1398 15491
1399 10122
1400 14579
1401 17691
1402 10845
1403 27534
1404 153219
1405 51839
1406 14736
1407 12100
1408 60250
1409 78119
1410 23162
1411 25594
1412 57213
1413 26595
1414 26628
1415 58696
1416 67472
1417 26881
1418 73350
1419 27899
1420 13574
1421 14753
1422 23368
1423 18708
1424 12205
1425 82796
1426 13208
1427 10871
1428 21925
1429 11952
1430 34137
1431 11722
1432 21588
1433 32067
1434 16607
1435 12850
1436 11964
1437 98293
1438 10489
1439 48270
1440 14245
1441 10655
1442 12272
1443 21768
1444 19961
1445 43452
1446 67303
1447 21860
1448 17282
1449 79674
1450 23076
1451 26680
1452 10406
1453 10598
1454 28306
1455 21080
1456 10627
1457 102940
1458 14777
1459 11957
1460 32649
1461 99704
1462 45391
1463 10512
1464 15770
1465 19373
1466 13152
1467 52390
1468 24110
1469 11988
1470 26581
1471 29507
1472 19836
1473 10882
1474 31644
1475 62326
1476 15929
1477 53020
1478 23605
1479 17238
1480 15277
1481 61721
1482 10222
1483 18947
1484 21581
1485 15603
1486 11380
1487 50420
1488 88122
1489 103580
1490 13118
1491 26629
1492 36751
1493 61470
1494 22961
1495 17413
1496 10687
1497 10544
1498 13335
1499 25929
1500 27756
1501 12813
1502 10631
1503 47402
1504 29604
1505 10424
1506 25476
1507 43607
1508 66963
1509 11675
1510 23357
1511 19628
1512 13539
1513 27997
1514 38778
1515 31878
1516 31699
1517 47260
1518 17171
1519 18114
1520 31324
1521 18163
1522 18317
1523 58974
1524 11227
1525 75103
1526 10044
1527 52881
1528 108398
1529 13478
1530 27601
1531 75967
1532 15693
1533 12546
1534 45299
1535 12452
1536 10509
1537 11323
1538 11009
1539 21341
1540 20189
1541 13542
1542 78760
1543 30756
1544 20559
1545 16258
1546 18156
1547 42487
1548 14764
1549 10590
1550 16884
1551 38537
1552 69469
1553 11626
1554 17645
1555 14666
1556 12774
1557 27898
1558 11908
1559 56741
1560 17824
1561 16043
1562 30748
1563 20349
1564 13700
1565 16870
1566 19626
1567 51229
1568 13282
1569 10925
1570 18541
1571 10265
1572 59426
1573 17930
1574 12108
1575 22219
1576 24864
1577 21291
1578 20382
1579 22960
1580 23152
1581 16313
1582 13044
1583 19076
1584 14098
1585 21662
1586 14971
1587 24080
1588 10296
1589 13346
1590 21937
1591 20395
1592 27393
1593 10055
1594 10227
1595 18889
1596 27286
1597 26017
1598 27472
1599 35061
1600 44937
1601 12624
1602 12487
1603 17767
1604 12009
1605 115491
1606 13075
1607 25010
1608 23191
1609 68844
1610 56090
1611 11045
1612 70158
1613 25325
1614 46151
1615 39354
1616 10428
1617 22722
1618 31089
1619 30777
1620 10039
1621 34995
1622 20624
1623 12842
1624 11008
1625 32440
1626 61068
1627 47575
1628 42275
1629 40360
1630 22281
1631 21567
1632 11678
1633 113018
1634 15081
1635 10284
1636 23663
1637 15595
1638 50696
1639 31779
1640 88045
1641 13338
1642 208116
1643 10430
1644 26750
1645 86279
1646 20170
1647 27653
1648 29277
1649 12413
1650 58585
1651 15601
1652 102193
1653 30145
1654 13450
1655 27676
1656 20688
1657 138443
1658 35970
1659 67280
1660 30851
1661 22530
1662 14261
1663 10728
1664 73552
1665 29013
1666 29364
1667 75813
1668 19223
1669 111949
1670 32963
1671 33463
1672 11197
1673 17117
1674 35770
1675 21333
1676 16842
1677 219563
1678 25352
1679 35502
1680 31588
1681 14290
1682 12164
1683 13506
1684 76079
1685 21946
1686 20006
1687 17372
1688 11126
1689 14600
1690 13986
1691 11611
1692 49299
1693 15196
1694 26029
1695 44850
1696 43169
1697 17199
1698 10175
1699 11568
1700 54805
1701 25712
1702 13696
1703 11652
1704 28889
1705 55520
1706 26994
1707 162987
1708 32564
1709 61236
1710 13259
1711 13680
1712 762159
1713 53370
1714 20791
1715 34246
1716 24702
1717 47827
1718 20949
1719 127184
1720 22219
1721 91123
1722 16492
1723 17803
1724 19391
1725 29545
1726 11936
1727 79201
1728 18650
1729 22619
1730 25528
1731 35208
1732 15038
1733 106829
1734 36465
1735 83941
1736 20703
1737 15429
1738 25559
1739 18357
1740 19812
1741 12237
1742 38747
1743 14364
1744 10534
1745 13809
1746 107301
1747 33340
1748 11977
1749 24191
1750 11169
1751 61312
1752 10463
1753 12802
1754 37752
1755 21068
1756 19313
1757 12429
1758 484642
1759 28786
1760 20320
1761 16983
1762 26571
1763 11843
1764 121535
1765 35579
1766 10242
1767 43683
1768 14836
1769 34467
1770 34942
1771 17825
1772 32467
1773 72158
1774 52607
1775 99816
1776 16617
1777 95657
1778 24585
1779 123754
1780 17255
1781 18732
1782 27965
1783 10642
1784 14165
1785 38096
1786 20406
1787 14556
1788 15795
1789 15575
1790 13169
1791 192081
1792 48506
1793 16929
1794 38840
1795 25079
1796 12909
1797 35114
1798 13619
1799 50478
1800 17494
1801 30360
1802 31395
1803 15098
1804 100649
1805 27609
1806 49401
1807 12655
1808 52593
1809 74161
1810 22597
1811 18168
1812 59182
1813 11067
1814 29303
1815 125018
1816 42291
1817 43687
1818 16406
1819 19775
1820 33233
1821 10388
1822 10787
1823 68309
1824 16859
1825 11589
1826 1053111
1827 14043
1828 168733
1829 15393
1830 27391
1831 29732
1832 14189
1833 18950
1834 20875
1835 18479
1836 54588
1837 20135
1838 54290
1839 16527
1840 32151
1841 10359
1842 19155
1843 20934
1844 60657
1845 59318
1846 15171
1847 14481
1848 32587
1849 12134
1850 12441
1851 54142
1852 11926
1853 118567
1854 63028
1855 14397
1856 26266
1857 44457
1858 13901
1859 12774
1860 56561
1861 15281
1862 13902
1863 38575
1864 75719
1865 44878
1866 12614
1867 15797
1868 100165
1869 18618
1870 89214
1871 41689
1872 20549
1873 17244
1874 34394
1875 15956
1876 13885
1877 21664
1878 14590
1879 10471
1880 12323
1881 35018
1882 18269
1883 283861
1884 339757
1885 49446
1886 28039
1887 21415
1888 28598
1889 21464
1890 73067
1891 32583
1892 21095
1893 23897
1894 173197
1895 11589
1896 19550
1897 13549
1898 13535
1899 39715
1900 18879
1901 18575
1902 20175
1903 10836
1904 21982
1905 18211
1906 60332
1907 215012
1908 15189
1909 16469
1910 20963
1911 19446
1912 11038
1913 41044
1914 156726
1915 10400
1916 18112
1917 11487
1918 158179
1919 59997
1920 29112
1921 10486
1922 25440
1923 31774
1924 31466
1925 21487
1926 22881
1927 79333
1928 10726
1929 17698
1930 36056
1931 85200
1932 11735
1933 11140
1934 28305
1935 17347
1936 11710
1937 10209
1938 582861
1939 65743
1940 19545
1941 11305
1942 35740
1943 14561
1944 21096
1945 13626
1946 17697
1947 29249
1948 10186
1949 11857
1950 38971
1951 10045
1952 69839
1953 73356
1954 14469
1955 40104
1956 16424
1957 173015
1958 11812
1959 109825
1960 14951
1961 11709
1962 351124
1963 454006
1964 1053111
1965 106160
1966 11273
1967 14414
1968 10960
1969 14398
1970 14802
1971 206791
1972 12790
1973 19657
1974 23024
1975 73500
1976 24723
1977 16067
1978 19072
1979 35024
1980 49456
1981 11905
1982 53720
1983 24371
1984 270974
1985 66793
1986 41774
1987 19927
1988 10918
1989 31705
1990 12413
1991 113789
1992 16705
1993 61382
1994 17546
1995 43410
1996 29880
1997 61023
1998 21406
1999 30669
2000 50591
2001 25025
2002 24735
2003 15678
2004 11608
2005 14234
2006 34713
2007 106079
2008 12200
2009 61491
2010 33223
2011 30635
2012 25017
2013 28641
2014 693429
2015 62417
2016 13445
2017 11526
2018 14552
2019 11265
2020 145018
2021 79877
2022 94653
2023 169548
2024 17606
2025 40041
2026 11200
2027 19551
2028 70524
2029 52161
2030 25546
2031 36659
2032 12971
2033 11615
2034 15518
2035 44719
2036 203737
2037 25060
2038 23395
2039 36084
2040 32326
2041 26462
2042 14700
2043 11017
2044 83506
2045 58104
2046 10164
2047 35011
2048 27348
2049 76323
2050 20897
2051 99362
2052 14899
2053 515704
2054 20075
2055 11443
2056 27984
2057 48733
2058 14394
2059 18715
2060 37581
2061 33359
2062 10738
2063 19208
2064 12210
2065 19987
2066 27812
2067 23032
2068 10749
2069 24466
2070 25688
2071 12635
2072 11900
2073 19607
2074 20730
2075 13016
2076 11062
2077 30635
2078 89291
2079 34465
2080 21842
2081 13352
2082 34382
2083 13913
2084 46309
2085 23157
2086 22168
2087 38439
2088 34743
2089 18092
2090 14134
2091 10589
2092 44068
2093 11125
2094 12367
2095 18865
2096 12050
2097 14972
2098 14926
2099 23653
2100 14523
2101 89780
2102 46040
2103 11232
2104 29066
2105 32823
2106 14024
2107 42555
2108 42329
2109 123093
2110 98663
2111 17418
2112 10604
2113 11687
2114 10138
2115 176254
2116 18504
2117 53600
2118 18059
2119 14519
2120 39154
2121 31968
2122 16689
2123 16725
2124 35591
2125 12109
2126 12864
2127 18777
2128 57102
2129 19928
2130 18744
2131 30351
2132 25627
2133 574298
2134 40593
2135 24669
2136 12482
2137 73219
2138 54796
2139 120903
2140 326039
2141 40606
2142 57527
2143 208846
2144 27777
2145 26940
2146 106704
2147 10173
2148 17570
2149 40823
2150 54462
2151 132833
2152 19020
2153 13114
2154 12785
2155 25569
2156 15735
2157 19936
2158 61360
2159 50799
2160 12271
2161 68864
2162 27342
2163 20406
2164 14181
2165 40364
2166 14228
2167 19007
2168 25778
2169 10462
2170 15116
2171 22906
2172 27796
2173 24100
2174 13575
2175 13929
2176 17874
2177 14651
2178 96893
2179 14168
2180 16132
2181 99851
2182 19343
2183 70759
2184 33506
2185 75051
2186 28181
2187 17222
2188 43948
2189 16583
2190 17021
2191 20900
2192 13792
2193 76140
2194 10249
2195 17020
2196 36683
2197 24566
2198 12886
2199 25024
2200 19053
2201 65503
2202 46957
2203 60100
2204 13108
2205 117130
2206 39907
2207 29491
2208 11312
2209 51971
2210 21420
2211 95503
2212 25705
2213 40488
2214 16194
2215 64474
2216 12990
2217 13569
2218 12358
2219 38558
2220 11736
2221 13767
2222 96922
2223 12443
2224 35144
2225 32741
2226 10947
2227 13192
2228 310011
2229 36277
2230 55892
2231 55935
2232 18337
2233 23963
2234 14291
2235 98342
2236 19752
2237 48081
2238 14576
2239 15858
2240 51840
2241 20873
2242 19743
2243 30116
2244 34408
2245 12623
2246 45860
2247 15450
2248 33828
2249 69417
2250 32890
2251 23899
2252 26296
2253 18200
2254 58257
2255 61496
2256 41117
2257 33071
2258 10406
2259 29800
2260 86256
2261 10233
2262 26825
2263 43137
2264 23367
2265 116026
2266 62991
2267 12036
2268 23071
2269 12305
2270 18064
2271 87714
2272 27019
2273 12446
2274 11146
2275 14875
2276 79311
2277 51311
2278 98548
2279 44335
2280 30203
2281 18555
2282 64066
2283 24536
2284 12221
2285 11618
2286 113570
2287 36071
2288 138848
2289 27159
2290 14242
2291 226776
2292 13696
2293 161735
2294 61222
2295 45331
2296 10138
2297 34234
2298 17544
2299 11820
2300 49501
2301 35848
2302 21943
2303 33264
2304 16560
2305 14291
2306 20911
2307 16053
2308 155929
2309 16058
2310 63628
2311 94487
2312 45649
2313 12845
2314 23213
2315 133767
2316 122038
2317 45228
2318 15658
2319 51405
2320 35290
2321 11623
2322 10108
2323 39917
2324 34256
2325 11304
2326 23416
2327 20532
2328 16315
2329 25577
2330 82889
2331 57739
2332 13908
2333 174178
2334 20977
2335 16925
2336 135956
2337 10118
2338 11198
2339 14207
2340 12831
2341 167662
2342 11239
2343 29383
2344 129998
2345 20265
2346 40835
2347 57427
2348 12497
2349 20594
2350 14947
2351 41453
2352 100240
2353 23726
2354 134220
2355 40980
2356 75816
2357 10095
2358 17527
2359 19325
2360 25431
2361 158395
2362 48533
2363 28118
2364 18810
2365 11531
2366 32318
2367 33719
2368 11331
2369 15681
2370 21071
2371 136427
2372 184734
2373 25938
2374 49983
2375 20836
2376 93287
2377 42157
2378 31972
2379 13036
2380 50532
2381 22539
2382 20966
2383 14191
2384 19833
2385 19209
2386 42060
2387 27567
2388 31197
2389 26675
2390 17043
2391 60232
2392 87617
2393 44791
2394 25322
2395 12303
2396 49859
2397 325357
2398 11424
2399 15529
2400 67321
2401 49076
2402 39244
2403 12554
2404 66751
2405 38397
2406 24990
2407 23822
2408 32520
2409 38537
2410 16558
2411 13945
2412 17574
2413 20073
2414 54646
2415 71958
2416 15168
2417 33622
2418 20645
2419 75064
2420 76923
2421 47514
2422 16923
2423 57047
2424 92140
2425 17036
2426 18267
2427 10743
2428 12575
2429 16415
2430 20572
2431 13780
2432 51044
2433 10583
2434 42886
2435 15891
2436 31733
2437 11996
2438 14756
2439 12201
2440 11832
2441 45469
2442 13467
2443 59957
2444 17853
2445 45904
2446 20519
2447 13231
2448 43674
2449 30213
2450 12169
2451 31551
2452 29438
2453 25165
2454 48853
2455 15683
2456 16592
2457 35010
2458 30663
2459 15983
2460 71929
2461 14058
2462 10445
2463 13995
2464 11740
2465 13604
2466 14549
2467 46728
2468 13528
2469 26119
2470 18164
2471 19314
2472 19608
2473 38736
2474 23958
2475 12431
2476 83648
2477 29952
2478 25187
2479 27685
2480 11644
2481 11370
2482 13486
2483 19040
2484 15510
2485 17227
2486 65697
2487 26189
2488 36226
2489 12006
2490 15417
2491 19450
2492 13152
2493 110191
2494 21683
2495 12729
2496 15745
2497 10630
2498 11502
2499 36361
2500 39102
2501 31738
2502 52726
2503 22501
2504 61747
2505 40304
2506 57493
2507 307797
2508 13388
2509 19195
2510 167580
2511 16678
2512 25858
2513 20235
2514 10920
2515 21159
2516 10485
2517 10574
2518 40881
2519 22237
2520 18720
2521 29191
2522 11859
2523 31678
2524 38423
2525 17840
2526 76240
2527 29203
2528 42795
2529 13787
2530 11868
2531 137389
2532 10025
2533 65649
2534 115062
2535 152149
2536 20671
2537 35528
2538 10317
2539 146457
2540 54414
2541 323468
2542 20036
2543 17203
2544 29500
2545 69780
2546 44683
2547 11293
2548 96877
2549 11993
2550 14819
2551 11834
2552 10256
2553 21799
2554 68005
2555 11107
2556 34891
2557 20170
2558 16902
2559 76070
2560 140514
2561 69743
2562 76793
2563 16306
2564 17037
2565 15133
2566 10204
2567 37490
2568 11950
2569 74165
2570 16734
2571 27606
2572 29025
2573 370821
2574 17966
2575 183528
2576 22525
2577 13391
2578 146038
2579 22290
2580 54840
2581 20478
2582 16455
2583 10713
2584 16003
2585 259358
2586 101164
2587 108974
2588 29604
2589 32353
2590 35610
2591 18483
2592 103789
2593 19232
2594 43267
2595 28225
2596 12441
2597 355364
2598 107977
2599 32479
2600 37009
2601 16756
2602 104383
2603 34163
2604 20644
2605 12238
2606 15957
2607 27226
2608 87814
2609 130740
2610 11889
2611 36887
2612 11541
2613 26912
2614 205795
2615 60448
2616 10699
2617 27040
2618 10922
2619 23318
2620 22686
2621 27251
2622 23248
2623 108945
2624 10638
2625 16572
2626 25139
2627 33969
2628 13222
2629 11035
2630 12168
2631 18254
2632 33277
2633 13825
2634 25546
2635 53891
2636 48782
2637 18925
2638 19558
2639 38388
2640 30458
2641 13566
2642 21725
2643 33445
2644 22604
2645 27920
2646 99098
2647 877396
2648 67666
2649 41823
2650 37200
2651 15113
2652 34904
2653 278259
2654 46748
2655 27343
2656 57152
2657 95144
2658 38725
2659 55044
2660 15506
2661 29783
2662 27351
2663 15401
2664 26613
2665 11236
2666 48503
2667 21833
2668 636491
2669 57654
2670 252473
2671 13194
2672 26860
2673 87061
2674 222063
2675 12089
2676 11544
2677 81528
2678 14098
2679 17720
2680 20152
2681 24874
2682 26331
2683 12033
2684 46628
2685 45861
2686 29646
2687 83004
2688 12998
2689 13881
2690 18031
2691 20627
2692 79557
2693 67230
2694 12952
2695 30169
2696 12495
2697 44255
2698 518013
2699 15305
2700 12695
2701 16912
2702 142886
2703 24971
2704 15093
2705 33784
2706 30713
2707 37809
2708 13299
2709 86102
2710 18551
2711 85879
2712 20350
2713 12125
2714 12750
2715 23221
2716 46846
2717 16717
2718 382622
2719 60219
2720 42869
2721 14524
2722 204670
2723 162150
2724 11987
2725 12280
2726 12608
2727 10782
2728 11194
2729 11742
2730 23010
2731 37561
2732 64531
2733 16846
2734 168823
2735 40587
2736 11296
2737 17162
2738 57528
2739 64522
2740 23173
2741 16435
2742 13944
2743 11482
2744 11195
2745 158442
2746 28479
2747 48697
2748 26680
2749 10561
2750 499651
2751 81537
2752 30056
2753 29575
2754 42846
2755 23752
2756 12617
2757 12071
2758 11972
2759 32236
2760 24592
2761 23680
2762 43286
2763 10436
2764 16810
2765 162445
2766 13849
2767 32287
2768 35545
2769 12236
2770 24997
2771 34624
2772 11209
2773 63487
2774 38638
2775 35145
2776 17557
2777 37334
2778 34517
2779 22349
2780 40850
2781 32340
2782 23213
2783 11104
2784 23746
2785 11284
2786 72410
2787 18446
2788 22135
2789 26549
2790 15945
2791 22047
2792 28194
2793 45987
2794 11594
2795 30910
2796 24265
2797 12686
2798 89354
2799 10813
2800 19010
2801 11628
2802 10029
2803 18464
2804 35892
2805 119150
2806 85672
2807 77301
2808 21343
2809 34504
2810 73851
2811 33239
2812 17302
2813 16663
2814 88620
2815 11206
2816 10026
2817 24251
2818 25932
2819 11289
2820 29711
2821 24191
2822 16937
2823 68002
2824 60709
2825 71302
2826 52921
2827 15309
2828 11165
2829 10133
2830 17118
2831 12028
2832 11495
2833 10763
2834 29060
2835 33786
2836 17074
2837 110293
2838 53353
2839 13446
2840 15144
2841 24229
2842 54600
2843 12596
2844 11974
2845 24914
2846 14037
2847 31849
2848 21665
2849 25450
2850 23725
2851 86279
2852 31792
2853 11201
2854 23187
2855 11231
2856 11556
2857 103498
2858 10526
2859 26308
2860 78533
2861 65381
2862 37714
2863 25051
2864 12075
2865 22422
2866 188379
2867 12230
2868 28169
2869 34970
2870 10176
2871 81337
2872 33508
2873 17935
2874 61950
2875 178763
2876 24184
2877 20911
2878 11610
2879 17815
2880 20534
2881 49725
2882 21207
2883 21507
2884 16397
2885 22973
2886 31820
2887 14850
2888 11043
2889 54262
2890 25570
2891 23629
2892 15395
2893 90146
2894 12829
2895 51505
2896 13640
2897 28737
2898 76787
2899 18024
2900 10997
2901 59996
2902 11752
2903 13376
2904 15812
2905 18323
2906 39359
2907 44668
2908 34910
2909 10035
2910 20966
2911 10782
2912 14261
2913 13873
2914 30471
2915 29725
2916 27916
2917 45397
2918 23208
2919 10749
2920 22708
2921 73768
2922 36252
2923 21255
2924 54694
2925 16731
2926 11806
2927 12032
2928 66160
2929 13424
2930 105705
2931 32672
2932 38746
2933 12020
2934 46320
2935 121338
2936 36256
2937 35889
2938 20235
2939 32463
2940 65717
2941 11283
2942 37747
2943 22560
2944 41626
2945 21400
2946 13146
2947 27015
2948 67769
2949 19611
2950 27161
2951 253933
2952 79510
2953 14211
2954 22506
2955 57580
2956 83007
2957 32859
2958 71054
2959 13761
2960 13896
2961 26679
2962 119786
2963 19654
2964 42707
2965 55873
2966 21756
2967 41468
2968 47706
2969 11629
2970 18369
2971 71535
2972 56847
2973 16006
2974 127029
2975 52169
2976 25091
2977 11678
2978 25860
2979 15277
2980 19316
2981 269692
2982 10799
2983 197558
2984 45799
2985 14846
2986 139446
2987 11612
2988 15824
2989 95496
2990 32723
2991 14623
2992 17636
2993 13721
2994 25803
2995 22542
2996 25491
2997 46464
2998 29232
2999 23366
3000 61893
3001 13034
3002 39618
3003 18216
3004 15765
3005 80962
3006 11681
3007 11336
3008 12692
3009 181590
3010 148764
3011 17534
3012 22475
3013 121878
3014 70450
3015 23920
3016 39242
3017 16353
3018 240556
3019 57122
3020 130141
3021 56937
3022 18706
3023 19736
3024 29552
3025 14148
3026 11671
3027 68945
3028 53853
3029 28076
3030 10859
3031 34926
3032 16072
3033 28177
3034 11188
3035 22176
3036 11398
3037 122091
3038 13618
3039 14685
3040 14915
3041 22300
3042 49916
3043 199804
3044 33343
3045 23920
3046 15889
3047 131960
3048 19924
3049 23618
3050 23752
3051 32043
3052 10187
3053 14755
3054 12564
3055 15811
3056 19316
3057 77329
3058 14064
3059 24104
3060 16949
3061 13405
3062 64635
3063 49353
3064 44062
3065 14147
3066 15514
3067 20318
3068 13433
3069 58766
3070 31652
3071 22820
3072 12749
3073 10233
3074 66781
3075 40591
3076 11334
3077 28883
3078 21986
3079 63706
3080 16343
3081 29624
3082 29341
3083 11732
3084 30343
3085 18924
3086 73258
3087 77448
3088 16438
3089 30424
3090 80331
3091 42663
3092 10170
3093 12180
3094 18527
3095 18097
3096 27794
3097 16196
3098 17416
3099 37439
3100 31796
3101 84814
3102 20371
3103 10076
3104 61404
3105 24672
3106 23278
3107 10020
3108 11434
3109 12019
3110 39652
3111 52661
3112 32501
3113 25862
3114 34668
3115 25443
3116 64247
3117 38504
3118 11064
3119 24533
3120 31940
3121 10773
3122 12683
3123 25789
3124 11390
3125 18721
3126 90701
3127 17648
3128 79115
3129 79961
3130 34777
3131 49349
3132 19698
3133 32008
3134 28901
3135 12303
3136 11129
3137 33162
3138 76924
3139 40427
3140 14432
3141 10859
3142 190215
3143 27758
3144 11414
3145 32764
3146 30119
3147 18768
3148 32701
3149 24398
3150 97259
3151 33104
3152 66083
3153 11958
3154 37485
3155 13561
3156 18076
3157 24075
3158 12207
3159 38069
3160 10476
3161 24009
3162 24713
3163 18220
3164 20054
3165 26823
3166 16235
3167 21675
3168 21183
3169 14447
3170 16521
3171 15765
3172 12545
3173 13990
3174 10212
3175 176131
3176 55372
3177 44899
3178 122452
3179 31039
3180 14703
3181 37128
3182 40518
3183 20282
3184 18644
3185 25204
3186 13079
3187 92647
3188 47750
3189 15232
3190 42949
3191 65328
3192 115263
3193 30176
3194 100856
3195 60501
3196 22700
3197 12371
3198 229938
3199 31569
3200 18284
3201 27119
3202 12695
3203 14512
3204 20302
3205 50899
3206 16038
3207 12079
3208 82887
3209 217456
3210 32861
3211 11696
3212 16694
3213 26867
3214 10584
3215 78501
3216 19642
3217 30784
3218 44170
3219 91682
3220 18744
3221 16257
3222 12725
3223 18753
3224 82853
3225 20477
3226 33395
3227 116208
3228 14219
3229 11790
3230 18190
3231 12118
3232 174730
3233 25726
3234 14805
3235 18317
3236 20302
3237 111323
3238 42847
3239 14731
3240 20859
3241 56397
3242 24682
3243 11291
3244 15775
3245 14263
3246 29379
3247 19647
3248 13673
3249 87663
3250 67765
3251 15041
3252 60102
3253 19376
3254 52500
3255 14286
3256 12164
3257 45489
3258 12296
3259 44764
3260 21843
3261 11313
3262 54847
3263 10887
3264 12155
3265 81652
3266 10497
3267 16046
3268 16350
3269 16307
3270 44738
3271 58400
3272 39643
3273 20268
3274 10902
3275 26102
3276 12723
3277 16722
3278 670177
3279 23869
3280 36627
3281 101404
3282 52237
3283 11346
3284 19773
3285 31538
3286 14549
3287 104764
3288 36607
3289 23938
3290 17305
3291 70141
3292 21989
3293 10175
3294 47139
3295 11605
3296 16437
3297 26405
3298 11061
3299 24794
3300 22006
3301 17453
3302 15900
3303 40879
3304 10202
3305 55665
3306 37314
3307 19081
3308 83716
3309 35702
3310 141524
3311 40405
3312 66382
3313 21486
3314 43505
3315 28184
3316 19683
3317 23252
3318 13738
3319 11285
3320 23786
3321 41355
3322 35113
3323 352032
3324 22127
3325 17649
3326 12710
3327 22805
3328 27366
3329 92630
3330 23013
3331 15096
3332 64735
3333 137341
3334 45196
3335 32928
3336 11807
3337 19458
3338 13566
3339 115972
3340 11103
3341 162635
3342 23270
3343 23430
3344 14913
3345 11360
3346 28712
3347 64954
3348 69163
3349 18701
3350 33910
3351 11373
3352 40724
3353 11542
3354 12060
3355 35014
3356 16514
3357 93586
3358 10966
3359 35408
3360 12113
3361 19116
3362 12020
3363 20732
3364 16234
3365 10221
3366 39106
3367 17958
3368 39936
3369 13723
3370 11482
3371 12279
3372 97124
3373 15492
3374 58557
3375 27244
3376 48263
3377 36346
3378 45217
3379 22547
3380 263545
3381 253049
3382 25626
3383 15867
3384 27022
3385 17580
3386 107465
3387 32962
3388 28712
3389 10957
3390 14972
3391 30507
3392 102720
3393 26573
3394 12383
3395 11416
3396 36755
3397 14187
3398 42542
3399 17786
3400 17656
3401 32527
3402 37559
3403 22522
3404 12485
3405 12353
3406 11275
3407 14163
3408 61187
3409 166364
3410 63909
3411 15300
3412 26876
3413 49912
3414 40488
3415 17469
3416 20471
3417 39048
3418 36424
3419 15000
3420 12103
3421 28173
3422 12356
3423 74837
3424 28116
3425 15933
3426 12905
3427 62509
3428 12695
3429 31856
3430 27338
3431 13972
3432 109506
3433 63478
3434 388145
3435 19819
3436 131485
3437 26234
3438 16263
3439 51486
3440 74095
3441 26875
3442 10089
3443 90574
3444 13891
3445 10167
3446 15844
3447 14389
3448 13775
3449 106073
3450 24553
3451 31078
3452 19621
3453 137592
3454 55211
3455 38951
3456 65836
3457 24609
3458 27693
3459 14477
3460 14299
3461 27021
3462 18864
3463 26307
3464 172887
3465 15279
3466 20059
3467 22992
3468 10487
3469 29287
3470 16007
3471 15079
3472 27647
3473 89736
3474 66244
3475 92822
3476 19432
3477 45873
3478 20206
3479 99676
3480 18653
3481 23693
3482 15781
3483 15978
3484 12091
3485 124061
3486 20428
3487 14532
3488 16171
3489 32377
3490 116248
3491 37598
3492 15398
3493 33521
3494 16082
3495 13341
3496 11466
3497 12104
3498 30128
3499 11886
3500 11445
3501 18143
3502 12135
3503 32911
3504 12421
3505 13914
3506 14588
3507 13288
3508 32267
3509 11038
3510 21742
3511 59415
3512 13155
3513 13508
3514 119032
3515 29411
3516 14375
3517 14431
3518 73514
3519 79510
3520 16829
3521 17963
3522 19053
3523 64399
3524 22000
3525 23175
3526 306322
3527 31838
3528 154715
3529 33822
3530 216438
3531 15504
3532 58146
3533 25222
3534 24052
3535 65939
3536 91302
3537 15358
3538 11580
3539 15976
3540 19452
3541 12214
3542 35178
3543 12641
3544 31480
3545 17219
3546 11238
3547 66936
3548 17437
3549 40505
3550 30741
3551 16854
3552 16718
3553 14995
3554 23877
3555 10848
3556 18644
3557 26863
3558 29059
3559 25007
3560 19298
3561 11366
3562 67261
3563 14377
3564 12794
3565 14899
3566 10972
3567 39731
3568 17147
3569 15448
3570 54195
3571 24657
3572 11464
3573 41100
3574 54570
3575 13887
3576 82994
3577 99228
3578 12377
3579 11343
3580 18457
3581 16128
3582 106436
3583 19997
3584 21182
3585 50295
3586 48050
3587 12734
3588 20308
3589 25138
3590 12811
3591 18102
3592 14375
3593 28962
3594 16369
3595 35414
3596 37296
3597 21421
3598 182115
3599 30069
3600 20686
3601 18993
3602 40526
3603 13806
3604 12611
3605 36185
3606 12450
3607 15261
3608 101915
3609 33363
3610 28721
3611 14566
3612 11921
3613 11540
3614 10874
3615 14206
3616 21440
3617 10189
3618 19700
3619 36743
3620 169106
3621 35789
3622 29783
3623 30358
3624 11663
3625 38783
3626 68019
3627 10112
3628 17217
3629 10936
3630 100467
3631 24424
3632 13538
3633 12482
3634 11389
3635 20817
3636 10807
3637 11236
3638 210691
3639 126066
3640 155771
3641 96041
3642 27042
3643 105748
3644 59505
3645 30371
3646 37046
3647 18787
3648 11756
3649 27637
3650 14352
3651 32573
3652 14754
3653 42809
3654 22653
3655 11432
3656 10960
3657 19391
3658 23057
3659 14296
3660 77035
3661 14947
3662 21031
3663 126661
3664 13206
3665 36473
3666 11831
3667 47628
3668 136885
3669 10206
3670 18163
3671 19803
3672 72732
3673 14475
3674 28366
3675 41806
3676 18129
3677 11283
3678 20808
3679 28545
3680 24977
3681 85064
3682 10707
3683 70682
3684 12186
3685 71505
3686 20631
3687 21035
3688 47108
3689 29896
3690 46005
3691 121878
3692 15458
3693 205169
3694 34443
3695 17892
3696 441773
3697 848763
3698 230307
3699 117671
3700 10360
3701 23330
3702 106437
3703 15463
3704 13957
3705 172355
3706 12098
3707 50088
3708 10333
3709 14304
3710 279940
3711 186121
3712 12286
3713 28365
3714 30553
3715 10015
3716 56553
3717 579397
3718 34989
3719 11053
3720 140594
3721 29005
3722 16951
3723 19544
3724 14920
3725 11316
3726 133394
3727 209092
3728 56727
3729 13373
3730 32600
3731 41880
3732 268597
3733 24409
3734 64524
3735 10260
3736 23268
3737 10675
3738 108920
3739 13555
3740 14360
3741 840532
3742 73508
3743 52904
3744 12706
3745 19600
3746 17469
3747 10286
3748 41292
3749 25107
3750 37711
3751 58443
3752 166128
3753 47769
3754 66083
3755 99747
3756 19199
3757 10855
3758 13452
3759 36167
3760 14775
3761 16262
3762 14881
3763 27491
3764 20903
3765 60946
3766 19831
3767 28295
3768 10799
3769 12187
3770 13699
3771 111473
3772 16616
3773 45590
3774 15183
3775 15206
3776 20719
3777 18229
3778 11449
3779 23382
3780 78913
3781 45019
3782 16285
3783 14712
3784 19682
3785 55361
3786 10072
3787 24428
3788 10609
3789 23464
3790 20193
3791 16073
3792 10452
3793 16073
3794 15653
3795 26476
3796 19714
3797 26481
3798 14435
3799 12899
3800 29155
3801 28893
3802 11201
3803 10533
3804 15673
3805 12914
3806 190127
3807 23909
3808 14564
3809 111205
3810 60659
3811 15918
3812 23649
3813 348793
3814 14702
3815 10608
3816 19949
3817 175185
3818 13884
3819 38370
3820 51234
3821 10560
3822 10964
3823 16671
3824 33946
3825 35471
3826 58705
3827 182833
3828 36496
3829 11020
3830 19771
3831 101200
3832 14257
3833 43690
3834 67000
3835 10525
3836 173237
3837 16766
3838 70617
3839 175687
3840 27699
3841 72653
3842 33927
3843 30668
3844 69687
3845 270364
3846 43123
3847 16225
3848 30505
3849 62886
3850 10434
3851 279101
3852 184685
3853 52797
3854 71761
3855 54532
3856 59761
3857 72171
3858 159040
3859 37826
3860 10363
3861 24701
3862 18397
3863 21313
3864 13309
3865 10890
3866 79020
3867 37770
3868 23770
3869 10249
3870 33753
3871 20116
3872 65384
3873 34341
3874 14791
3875 18984
3876 10727
3877 11263
3878 54678
3879 74950
3880 17859
3881 19955
3882 11498
3883 34890
3884 26162
3885 10215
3886 14666
3887 13260
3888 20243
3889 107481
3890 16027
3891 17338
3892 82420
3893 19634
3894 14474
3895 54692
3896 24584
3897 10773
3898 26901
3899 135584
3900 18194
3901 20750
3902 38405
3903 16567
3904 14327
3905 11830
3906 11776
3907 43685
3908 14785
3909 10744
3910 20773
3911 20139
3912 75454
3913 37740
3914 17365
3915 17609
3916 17544
3917 16466
3918 17089
3919 22127
3920 15965
3921 40877
3922 17246
3923 16367
3924 11869
3925 22174
3926 11859
3927 117218
3928 42865
3929 12681
3930 10466
3931 10283
3932 11350
3933 57004
3934 12781
3935 20806
3936 10025
3937 25204
3938 14723
3939 252746
3940 170046
3941 38959
3942 16997
3943 127408
3944 17069
3945 12901
3946 13798
3947 88857
3948 44374
3949 188630
3950 62864
3951 254753
3952 92033
3953 93413
3954 11579
3955 10096
3956 14529
3957 30870
3958 54818
3959 20027
3960 29888
3961 21449
3962 71546
3963 17930
3964 146295
3965 11446
3966 14507
3967 170433
3968 85321
3969 46507
3970 11363
3971 231241
3972 10265
3973 186715
3974 12733
3975 146286
3976 72718
3977 272550
3978 110731
3979 62058
3980 171607
3981 30059
3982 18462
3983 33669
3984 42977
3985 10189
3986 69709
3987 15625
3988 10031
3989 11871
3990 24634
3991 329823
3992 33835
3993 16475
3994 10491
3995 16967
3996 33620
3997 24476
3998 16825
3999 16430
4000 11598
4001 25766
4002 27132
4003 34050
4004 502846
4005 146734
4006 92012
4007 43197
4008 12209
4009 14680
4010 33665
4011 27817
4012 165972
4013 28356
4014 12788
4015 40351
4016 21821
4017 97870
4018 13493
4019 42716
4020 23887
4021 20052
4022 101226
4023 16848
4024 19330
4025 146059
4026 13866
4027 24530
4028 27020
4029 50841
4030 630100
4031 19882
4032 77185
4033 42723
4034 191483
4035 150334
4036 13416
4037 26566
4038 39666
4039 11910
4040 65249
4041 304247
4042 30412
4043 240771
4044 17759
4045 40120
4046 16693
4047 16484
4048 27190
4049 10902
