0 146259
1 127865
2 113465
3 156235
4 467798
5 289990
6 110486
7 210810
8 230012
9 165434
10 165699
11 201859
12 164949
13 151085
14 159242
15 138081
16 115150
17 144959
18 168841
19 379837
20 198396
21 229848
22 296189
23 151781
24 140570
25 133646
26 128232
27 145735
28 158364
29 118338
30 118197
31 125121
32 119652
33 338837
34 212005
35 126397
36 293899
37 302017
38 125095
39 242650
40 226662
41 224439
42 204879
43 711938
44 391074
45 144469
46 131139
47 116246
48 136536
49 147119
50 153231
51 148566
52 106330
53 149518
54 350108
55 264528
56 116973
57 420734
58 106142
59 818229
60 233013
61 501682
62 175860
63 122015
64 439191
65 106264
66 485255
67 246722
68 149586
69 200552
70 158878
71 443395
72 118669
73 219304
74 126160
75 117637
76 137316
77 149641
78 137045
79 137677
80 180699
81 588904
82 222021
83 108344
84 129053
85 277623
86 251456
87 113383
88 109355
89 156442
90 182541
91 109903
92 106848
93 376061
94 130282
95 172930
96 220511
97 283089
98 197400
99 126556
100 301021
101 176904
102 118596
103 117688
104 172972
105 111034
106 127981
107 159917
108 292840
109 176649
110 153219
111 102940
112 103580
113 108398
114 115491
115 113018
116 208116
117 102193
118 138443
119 111949
120 219563
121 162987
122 762159
123 127184
124 106829
125 107301
126 484642
127 121535
128 123754
129 192081
130 100649
131 125018
132 1053111
133 168733
134 118567
135 100165
136 283861
137 339757
138 173197
139 215012
140 156726
141 158179
142 582861
143 173015
144 109825
145 351124
146 454006
147 1053111
148 106160
149 206791
150 270974
151 113789
152 106079
153 693429
154 145018
155 169548
156 203737
157 515704
158 123093
159 176254
160 574298
161 120903
162 326039
163 208846
164 106704
165 132833
166 117130
167 310011
168 116026
169 113570
170 138848
171 226776
172 161735
173 155929
174 133767
175 122038
176 174178
177 135956
178 167662
179 129998
180 100240
181 134220
182 158395
183 136427
184 184734
185 325357
186 110191
187 307797
188 167580
189 137389
190 115062
191 152149
192 146457
193 323468
194 140514
195 370821
196 183528
197 146038
198 259358
199 101164
200 108974
201 103789
202 355364
203 107977
204 104383
205 130740
206 205795
207 108945
208 877396
209 278259
210 636491
211 252473
212 222063
213 518013
214 142886
215 382622
216 204670
217 162150
218 168823
219 158442
220 499651
221 162445
222 119150
223 110293
224 103498
225 188379
226 178763
227 105705
228 121338
229 253933
230 119786
231 127029
232 269692
233 197558
234 139446
235 181590
236 148764
237 121878
238 240556
239 130141
240 122091
241 199804
242 131960
243 190215
244 176131
245 122452
246 115263
247 100856
248 229938
249 217456
250 116208
251 174730
252 111323
253 670177
254 101404
255 104764
256 141524
257 352032
258 137341
259 115972
260 162635
261 263545
262 253049
263 107465
264 102720
265 166364
266 109506
267 388145
268 131485
269 106073
270 137592
271 172887
272 124061
273 116248
274 119032
275 306322
276 154715
277 216438
278 106436
279 182115
280 101915
281 169106
282 100467
283 210691
284 126066
285 155771
286 105748
287 126661
288 136885
289 121878
290 205169
291 441773
292 848763
293 230307
294 117671
295 106437
296 172355
297 279940
298 186121
299 579397
300 140594
301 133394
302 209092
303 268597
304 108920
305 840532
306 166128
307 111473
308 190127
309 111205
310 348793
311 175185
312 182833
313 101200
314 173237
315 175687
316 270364
317 279101
318 184685
319 159040
320 107481
321 135584
322 117218
323 252746
324 170046
325 127408
326 188630
327 254753
328 146295
329 170433
330 231241
331 186715
332 146286
333 272550
334 110731
335 171607
336 329823
337 502846
338 146734
339 165972
340 101226
341 146059
342 630100
343 191483
344 150334
345 304247
346 240771
